KNN5 	0.8966466813094037 0.9724347463782811 0.2545375027334354
KNN10	0.9003667280078622 0.9849354693507087 0.18826892009444512
KNN3	0.8907170324053004 0.9636440093398304 0.27529961089494165
KNN1 	0.8689442058953506 0.9329752288538322 0.325838831733325
KNN2	0.8959936943889296 0.9837820699520357 0.1513805935144939
KNN4	0.8985001088311534 0.9839959003550321 0.17333249945276588
KNN6	0.8994136309370692 0.9842760919175795 0.17961787422996342
KNN7	0.8986946857417998 0.9765487035610135 0.23834391319303294
KNN8	0.9002150239758329 0.9847221863790033 0.18343287782607337
KNN9	0.8995257600042214 0.9785874658516533 0.2289314862878764
KNN12	0.9007196047780174 0.9852715093108394 0.18355795991119173
KNN15	0.9007525839154151 0.9816916934261898 0.21423434128646923
KNN20	0.9012835480275178 0.9860789034187057 0.1820569748897714

